

Sat, 03/09	Sun, 03/10	Mon, 03/11	Tue, 03/12	Wed, 03/13	Thu, 03/14	Fri, 03/15
0 - 1	BGN/MWh	130.18	95.15	92.82	111.11	123.47	123.78	94.19
MWh	3682	3670.7	3782.4	2963.9	2534.8	3649.7	3718.9
1 - 2	BGN/MWh	126.42	90.09	83.08	128.22	119.76	111.29	89.85
MWh	3585.9	3575.8	3735.4	3035.5	2490.4	3630.6	3669.6
2 - 3	BGN/MWh	124.66	80.15	91.59	130.08	118.43	112.50	87.88
MWh	3568	3608.1	3714.1	3237.9	2445.8	3605.8	3705
3 - 4	BGN/MWh	120.87	69.53	90.32	127.52	117.31	111.48	84.14
MWh	3713.1	3697.6	3729.5	3478.7	2540.1	3598.9	3709.9
4 - 5	BGN/MWh	118.03	63.35	95.78	129.14	121.71	120.77	87.35
MWh	3881.7	3716.5	3821.6	3711.4	2722.9	3622.6	3800.8
5 - 6	BGN/MWh	118.80	63.13	132.76	138.71	133.84	156.15	144.42
MWh	3810.4	3753.1	3962.6	3929.7	3106.9	3680	3836.7
6 - 7	BGN/MWh	120.81	66.32	156.47	149.80	163.10	167.65	152.71
MWh	3847.2	3630.8	3927.5	3728.8	2978.3	3418.4	3604.7
7 - 8	BGN/MWh	103.78	77.24	179.35	157.44	180.23	177.80	147.41
MWh	3788.2	3551.9	3825	3416.5	3134.4	3147.5	3003.5
8 - 9	BGN/MWh	103.78	73.50	169.55	156.84	184.49	160.36	136.95
MWh	3869.5	3465.9	3257.4	3354	3655.2	3577.2	3091.3
9 - 10	BGN/MWh	94.11	60.96	158.42	107.57	157.50	128.52	105.22
MWh	4183.6	3697.7	3173	3519.4	3735.3	3737.3	3029.7
10 - 11	BGN/MWh	65.97	19.38	140.68	19.28	137.94	106.24	90.48
MWh	4061.3	3527.8	3100.2	3390.4	3542.5	3415.6	3068
11 - 12	BGN/MWh	27.46	21.24	115.00	19.28	132.16	102.56	76.39
MWh	4142.5	3232	3060.6	3431.2	3499.6	3313.8	2925.3
12 - 13	BGN/MWh	19.28	10.01	118.07	34.70	132.39	103.78	74.69
MWh	4101	3129.4	3034.1	3404.9	3465.9	3182.3	2885
13 - 14	BGN/MWh	19.28	4.36	118.07	36.32	136.91	116.12	75.91
MWh	4075.4	3202.8	3143.5	3496.5	3283.6	3151.4	3124.8
14 - 15	BGN/MWh	32.45	16.37	131.04	128.67	146.59	118.86	82.59
MWh	4079.8	3362.1	3601.7	3463.8	3122.7	3207.2	3148.6
15 - 16	BGN/MWh	78.70	41.76	143.62	157.78	154.88	138.34	95.95
MWh	4086.6	3756.4	3815.8	3450.2	3231.8	2963	3093.9
16 - 17	BGN/MWh	111.52	99.59	153.94	183.28	168.42	161.06	137.20
MWh	4220.5	4025.5	3838.9	3542.1	3143.6	2959.1	2976.7
17 - 18	BGN/MWh	157.39	118.68	154.59	184.81	192.49	189.72	169.82
MWh	3978.5	4062.8	3260.5	3593.3	2926.7	3186.5	3039.4
18 - 19	BGN/MWh	224.92	139.43	195.62	238.63	204.93	224.47	199.61
MWh	3939.7	4349.4	3603.4	3257.6	3015.3	2992.8	2918.5
19 - 20	BGN/MWh	157.39	135.52	163.17	236.71	203.03	200.08	178.22
MWh	4028	4086.1	3362.8	3461	2868.3	3114.5	3440.7
20 - 21	BGN/MWh	134.80	123.35	151.21	186.16	175.75	173.29	157.48
MWh	3795.9	3854.2	3140.3	3244	3012.8	3242.3	3761.3
21 - 22	BGN/MWh	118.27	113.93	100.67	160.50	151.79	161.59	138.84
MWh	3879.5	3880.5	3319.3	3350.2	3581	3743.5	4233.3
22 - 23	BGN/MWh	120.30	111.66	118.07	152.48	136.77	149.64	150.95
MWh	3870.9	3858.4	3554.4	3096.3	3861	3986.9	3944.6
23 - 24	BGN/MWh	114.51	108.29	131.20	136.03	124.94	117.53	150.91
MWh	3689.2	3870.4	3143.3	3192.6	3741.7	3837.7	3679.1